alsa_card.pci-0000:00:1b.0:input:analog-input-internal-mic mute:0 volumes:2,0.001996,0.001996
alsa_card.pci-0000:00:1b.0:output:analog-output-headphones mute:0 volumes:2,0.112851,0.112851
